Header
Type: GATHER
Sensors: 17
Actions: 6
SensorNames: DIST_TO_WATER DIST_TO_STORAGE DIST_TO_WILD_FOOD DIST_TO_GAME DIST_TO_FISH THIRST HUNGER AQUA_IN_WATER NUTRITION_IN_STORAGE NUTRITION_IN_WILD_FOOD NUTRITION_IN_GAME NUTRITION_IN_FISH NUTRITION_IN_PERSONAL_STORAGE AQUA_IN_PERSONAL_STORAGE AQUA_IN_STORAGE DIRECTION_TO_NEAREST_WATER DIRECTION_TO_NEAREST_WOOD
ActionNames: WATER FISH NUTS BERRIES HUNT WOOD
EndHeader
-0.06890009179443442 -0.020309731051649973 0.11700539940048632 -0.081643265274655 0.07041592656020224 -0.08424280430011684 -0.17199467532278545 0.15255980965662289 0.03993333150342258 0.0440918962115163 -0.07562908359954 0.11978042004098871 0.031211295642364557 -0.14226441565096898 0.09091170322360553 -0.058730082989456416 0.036808648299957
0.13280201051315685 0.0657371520451632 0.10648720158044403 0.01293272192952899 -0.1495703341938838 0.10911575980751903 -0.052148446427570064 0.14407768648612623 -0.050431161971361466 0.020583997008750066 0.19298623537138015 -0.14665873349330494 -0.16376627854883805 0.09082799338459423 -0.19145460526590116 0.04963839259618572 0.08247023341081881
0.14391489437528257 0.06501684616086792 -0.11670866872040589 0.07342296844253529 -0.19397610867976822 0.15322399873302994 0.07311766219118897 -0.057954857461679325 0.11086263334711949 0.07506631408358491 0.03839356749252128 0.19428459832903805 0.19690058868575167 -0.10475819204875454 0.033756723423819725 -0.134121316839108 -0.17186977972351813
-0.15002571424253422 0.10735813407390636 0.15235350526397784 -0.11797202649166111 -0.09798349261905637 0.07335690957621259 -0.08114017249244446 -0.06140976903610138 -0.0018584373202534367 -0.19535186443858052 -0.03867848492447044 0.05145279591770762 0.13631021503844362 -0.08364555538143935 0.14336377377959866 -0.12416413766546747 0.10095316411247626
0.17976071554740983 0.10349180035289166 -0.12928500672553658 -0.04584544072487478 -0.0032716514187732582 0.009208435514428093 0.17887084909978662 -0.019958174688230513 -0.0679435479631858 -0.19190361170314207 -0.12302748675692153 -0.08001436062868379 -0.10340556715528337 0.03585190784405121 -0.17014405554268075 0.13483634430757072 0.06040848819530225
-0.041017699433659655 -0.08367482591199665 0.12692933721996327 0.059064219754901705 0.02826205175083656 -0.10476141462399449 0.04295121668929332 0.15988794210297846 -0.15441884095067093 -0.05996736859277161 -0.1475674591169033 0.0529405665602507 -0.0970722528162436 0.16559246816697432 -0.05530290235192408 -0.1547060694754593 -0.04603544938460722
