Header
Type: MOVE
Sensors: 17
Actions: 6
SensorNames: DIST_TO_WATER DIST_TO_STORAGE DIST_TO_WILD_FOOD DIST_TO_GAME DIST_TO_FISH THIRST HUNGER AQUA_IN_WATER NUTRITION_IN_STORAGE NUTRITION_IN_WILD_FOOD NUTRITION_IN_GAME NUTRITION_IN_FISH NUTRITION_IN_PERSONAL_STORAGE AQUA_IN_PERSONAL_STORAGE AQUA_IN_STORAGE DIRECTION_TO_NEAREST_WATER DIRECTION_TO_NEAREST_WOOD
ActionNames: WALK_RANDOM RUN SWIM CLIMB WALK_DIRECTION_WATER WALK_DIRECTION_WOOD
EndHeader
-0.10630049776949187 -0.09872784642483118 -0.12779933314382383 -0.11147002748948026 0.04604297102332087 0.1020293182196817 -0.16786328710444814 0.0047148938476778484 -0.05144816470511664 0.07792873688717711 -0.0017362858555708628 0.148290933011122 -0.14958340461264236 -0.05695795758178024 0.0763694413039143 0.0 0.0
0.01943869155871991 0.1314397054935111 0.18073098995051132 0.1298727655983509 0.19222282595233497 -0.14747530677353 -0.1070144929559242 0.10362724578513749 -0.16435567970294285 -0.10524562891044181 -0.005443208943869538 -0.16592569858448375 -0.16188275070568736 0.04692569446942736 -0.09441942250240959 0.0 0.0
-0.16949706177670826 -0.16759513719460042 -0.04421692291227739 -0.06579926746895373 0.13489549842791987 -0.12274182307157466 0.17474075247481569 -0.078597096993541 -0.010133827248593442 0.11362470041048525 -0.19619740959340973 0.1853950722421292 0.06508612598443864 0.1337428235106208 0.06456855863843317 0.0 0.0
0.08841679242965444 -0.025645331730836763 -0.12085146504063055 -0.09595275283525867 0.14166713375249648 0.010605814842699068 -0.17656543393692764 0.07587186929603318 -0.15580015765191257 0.06963547867259319 -0.06778148012968103 -0.009804513903386214 -0.07538502665470787 0.10561729577456824 -0.16805432792305394 0.0 0.0
0.0 0.0 0.0 0.0 0.0 0.0 0.0 0.0 0.0 0.0 0.0 0.0 0.0 0.0 0.0 0.0 0.0
0.0 0.0 0.0 0.0 0.0 0.0 0.0 0.0 0.0 0.0 0.0 0.0 0.0 0.0 0.0 0.0 0.0
