Header
Type: MAIN
Sensors: 18
Actions: 14
SensorNames: DIST_TO_WATER DIST_TO_STORAGE DIST_TO_WILD_FOOD DIST_TO_GAME DIST_TO_FISH THIRST HUNGER AQUA_IN_WATER NUTRITION_IN_STORAGE NUTRITION_IN_WILD_FOOD NUTRITION_IN_GAME NUTRITION_IN_FISH NUTRITION_IN_PERSONAL_STORAGE AQUA_IN_PERSONAL_STORAGE AQUA_IN_STORAGE DIRECTION_TO_NEAREST_WATER DIRECTION_TO_NEAREST_WOOD DIRECTION_TO_NEAREST_FISH
ActionNames: EAT DRINK_STORAGE DRINK_LAKE SLEEP GATHER_WATER GATHER_FISH GATHER_NUTS GATHER_BERRIES HUNT WALK_RANDOM RUN WALK_DIRECTION_WATER WALK_DIRECTION_WOOD WALK_DIRECTION_FISH
EndHeader
0.9758250679680124 0.0034077071074148954 -0.7968557923761173 -0.8146829517422962 0.9393920827713349 0.9472631611978606 0.7780677699942745 0.9801409446533463 -0.3962059800072853 -0.9823166333990034 0.8768544671785186 -0.7787555785201874 0.8921286647014 -0.9660870497316131 0.9173575089573015 0.9937450190985223 -0.6839297980397228 0.8904440066333693
-0.6477107785977811 0.6287849911921413 0.3065794082063847 0.7969060633775911 0.946712112231506 -0.9720577977923395 0.2660090263233769 0.9015732446434797 0.7528170176404843 -0.8989585275695264 -0.6034202654608135 0.9811669065897787 0.6574456435164077 -0.840491130270332 -0.8244378219734941 0.9033397273479102 -0.9281817480451924 -0.9452614425433166
-0.9306541382511081 -0.8553570794865699 0.9165693104429211 -0.9667549021895538 0.6319609731941556 0.8604827047793822 -0.8533417449085581 -0.9167376611828633 0.0124806826043423 0.9904434465081403 -0.8297404900810167 -0.9685428934629828 -0.9484874925616357 -0.9602524024264842 -0.7821156791710447 0.9946455263983565 0.9133673982253432 0.7430547462832319
-0.9363847150791914 0.9371694285306468 -0.966502836354731 -0.9000747677429003 0.8821113703227035 -0.6612601879142848 0.9950052269879786 0.8478541271723862 0.9895781591730742 0.9139745905298492 -0.9502485477497905 -0.9244620463498757 0.14122540278443235 -0.8816216950383362 0.9873536954332205 -0.7070693209769837 -0.8939949056073254 0.9723585902182417
0.978575850863019 0.8361039663690211 0.8394074317563007 0.5557637647433189 0.8297024428906106 -0.965341269486619 0.9634899904638756 -0.9950052267230415 0.9870831382545993 0.9910199257270811 -0.7670865832969835 0.6997388283937015 0.9168469839506431 -0.9779305800688085 -0.3896065513714741 0.9747640981439106 -0.9950052277482323 -0.9753702108172296
0.937490068111121 0.9349857779778259 -0.9701710500330022 -0.9616672320216149 0.39517727520894486 0.8957169634838554 0.9641225431906199 -0.9278208495581352 -0.9647431707554921 -0.6883887529252224 -0.9457674176743036 0.9506912070321112 0.6387176204915982 0.9284599046119179 -0.01647758864334831 0.1936927878054701 0.9743990854482074 0.880834581516426
0.8484686682554259 0.854438469159872 -0.9360669143805369 0.9318683879821074 -0.9408873697090787 0.9024133869419414 -0.9949122781657745 -0.7693987847231075 0.8184713788673023 0.9855224453229972 -0.9721699998354487 -0.9704564628367053 -0.840951700955458 -0.9442991659930047 0.647763580055018 0.9631514543603302 0.9891941145896423 0.9852205926060222
0.986706615854826 0.12966003885319943 0.9257242156438192 -0.6516369371877918 -0.9684318223894071 0.8308691664610172 -0.7028207528403105 0.9854895288245507 -0.726172248889175 -0.3596979855247966 0.44396515107084517 -0.941963926037543 0.8967420596452582 -0.7680464147954446 -0.9715035956634922 0.974795442892225 0.9870317752061949 -0.950349670349232
0.9501259723502509 -0.6175550924255788 0.9346778553532403 -0.9908006460294086 0.6492998698303744 -0.25815821803459066 -0.8286228626145781 0.9502318443553508 -0.10618569580311629 0.12684134813350426 0.9862137859092238 0.9514649056456562 -0.6909114233552346 0.9939687059147703 -0.9675062393494562 -0.7612352474707111 0.9501007373172122 0.982571404012312
0.45972480999265186 -0.9704040604341079 -0.9262480924854598 0.9479640077307369 0.9908729870450539 -0.7775246609715747 0.8756894314464541 0.9552658328579461 -0.9533121026467868 0.6737261446446221 -0.8286744691218613 -0.8188739180907287 0.20004666876539276 -0.880221219141287 0.9916744686247844 -0.9569799011062773 -0.025697425120323244 -0.48772608058335704
-0.34584264347054733 0.8274935489317334 -0.9796112718355174 -0.9798486129489116 -0.23205068742452153 -0.9226389766510861 -0.9922152557831779 -0.44604084348885725 -0.9751270677939271 -0.9469279345380472 0.9924709095101936 -0.1753800204021873 0.9950052277554066 -0.8037349161659935 -0.8916041951008238 0.9290234553540684 -0.8127417647906026 -0.8139691793020216
0.8916868309970162 -0.7913634868608647 -0.0812721404984841 -0.9837904254499436 0.7831157497581444 0.5062673284507976 0.994583442999212 -0.7790931714718333 -0.8988304115472366 -0.3768006801306883 0.16208491265538802 0.856894126781371 -0.8419060422121368 0.9162024022041556 0.23537575457735269 -0.27829076871519853 0.9797752811578555 -0.8854447181292512
-0.9857916497068776 -0.9283788886978651 0.7962276873633736 0.009667260759967452 -0.9654102345816417 -0.9747993378416266 0.9047354448649254 -0.9662781587115725 -0.8350228044630641 -0.9950052279234516 -0.78799783891313 -0.8539723210517591 0.7049901783743412 -0.9695738891138194 0.9198913882623719 -0.9213161844058763 -0.36063609583102013 -0.9873341519635767
-0.9446644929166301 0.9496358223772245 0.5016675994822655 0.9550169176952036 -0.9950052269162778 0.773671399728485 0.9950052266939662 0.9694780143147933 -0.9610129624877204 0.7775708663550364 -0.9285820014329296 -0.9841839574127266 0.7477472647323814 0.9783657942561973 -0.9078366909867015 -0.8357103670692424 -0.9788702680270922 0.4915814434916013
